7.855564730309375632e-01 -6.083105178571281968e-01 1.003121042218339948e-01
6.447128647766380283e-01 -7.377149064490772234e-01 -1.913386138522726876e-01
2.632735079289175162e-01 -4.484873081501845049e-01 1.145176795815361012e-02
5.028814454847836402e-01 -1.940948567986469087e-01 -2.373245682708935989e-01
8.501921669063836617e-01 1.435401134198507067e-01 -5.040585705139892791e-01
7.091330088366492035e-01 5.230385318633572478e-01 -4.682908344150604196e-01
4.529083926545515171e-01 2.189314486224697986e-01 -1.327821676241817961e-01
9.658967795343297302e-01 1.619060991171784869e-01 -1.982746248007040968e-01
-4.469075167953087124e-01 -1.512953429224440094e-01 2.182005473382744865e-01
-5.819062408832074151e-01 2.420743315862443901e-01 7.746111650741437371e-01
-8.027408267454194668e-02 1.134609554594440961e-01 5.001225639387488764e-01
-3.714350153725570203e-01 3.213222662062850121e-01 1.798877073000904048e-01
-4.600357893867195180e-01 2.985298928142693931e-01 -2.288404842076257051e-01
-9.965722338304764394e-01 6.766445518012476068e-02 -3.074853166796261139e-02
-4.023328763566840771e-01 -1.097158367000073964e-01 -3.025569825992476258e-01
-2.274084259800853991e-01 7.769978989977710526e-01 5.843401521540856347e-01
4.737367273723110117e-02 9.709514954776157225e-01 2.306261444608783129e-01
1.757455406425054989e-01 7.985456238849562016e-01 5.725802347699586736e-01
1.889662476433008886e-01 4.184717948032435908e-01 2.279423920002638937e-01
-2.494543496445922881e-01 -5.531513020856826390e-01 -7.940094479540731331e-01
-2.303811502588410942e-01 -7.829332818175775976e-01 -5.757843387113563693e-01
4.331287166830152802e-02 -6.763609638284109327e-01 -7.337387400201946797e-01
1.379227950993862084e-01 -1.890066553777983993e-01 -4.627052289921239070e-01
-6.200539746263395990e-01 6.755966648740662217e-01 -3.949455883080630891e-01
-6.033140425475911339e-01 7.854402450894104604e-01 -1.297772677237790939e-01
-8.158946958876038824e-01 5.752739789007219606e-01 -3.610489061885740342e-02
7.452650469805537359e-01 -5.066124498821455990e-01 4.314867757821319039e-01
4.961327792075954091e-01 -8.133938139134911927e-01 2.993620445308105005e-01
-2.134927056494775877e-01 -4.765207438782427252e-01 -5.338089901132792026e-02
-8.576716496569904147e-02 4.779987122066879923e-01 -1.727845869816732050e-01
6.428243465332257600e-02 9.642365197998377102e-01 -2.571297386132900820e-01
-3.519409875921742925e-01 9.197900560592244812e-01 -1.674839145751225999e-01
-1.077529154282103052e-01 9.934975995035559837e-01 -1.927918444818952845e-02
-8.034130892440946026e-01 -5.253642377599003765e-01 2.744751580257585033e-01
-7.077050788997845121e-01 -7.064417728869130109e-01 -1.280735005469333884e-04
-8.522918088161264283e-01 -4.978428376537374911e-01 -1.523410891229360908e-01
-8.346958278335869785e-01 -4.185897089508742314e-02 5.465821841262501479e-01
-6.680899571975712492e-01 -4.504004263880668213e-01 5.896434740967912980e-01
8.184141580609292088e-01 -5.059230045743752235e-01 -2.652395775790217791e-01
6.570740067954147223e-01 -5.488472423128810673e-01 -5.132070006556392894e-01
8.921411447574296716e-01 -1.690056887519295059e-01 -4.158310630571087074e-01
9.213302727824439486e-01 -1.351668541703039961e-01 3.631651652883178816e-01
4.074532781893328015e-01 -3.383811823967552979e-02 3.132747996428643100e-01
6.495914859910286721e-01 -2.263613379688816929e-01 7.246497351917864371e-01
1.943792058926029922e-04 -2.260520527176401999e-04 3.277472272248393992e-04
-7.564641748008353872e-01 1.615221483639197042e-01 -6.320347085438905443e-01
-9.098016621272982940e-01 -1.440214351365816103e-01 -3.865446088266372149e-01
-5.107029716748134884e-01 -6.866957789455350181e-01 -5.167691384000703270e-01
-5.568900989230111120e-01 -7.955572841757302394e-01 -2.386671852527189885e-01
-5.672365091177820062e-01 -7.838482138466509319e-01 2.485976070684735861e-01
4.831625545367222996e-01 -7.619277228244203393e-01 -4.283345194223983077e-01
-1.472479904553697094e-01 -8.666779519886430583e-01 4.740496034422185812e-01
-3.716348958213794296e-02 -3.520706750007414065e-01 3.775661494208865099e-01
-1.200442713395951932e-01 -9.718817015786809232e-01 2.002898610025375115e-01
4.170766892815380156e-01 -6.013320239444868154e-01 6.806518218510944074e-01
-9.579163191846851166e-01 -2.298979539810019901e-01 1.645141757405153005e-01
-9.630403650820866801e-01 -2.361529913022097082e-01 -1.212293734631818970e-01
6.350379271511479295e-01 1.941993698631626908e-01 -7.456594420396542855e-01
2.889684537644557905e-01 1.903525626526202941e-01 -5.084521441548537357e-01
8.972389287495761145e-01 -3.798615131877958184e-01 2.237378726112141947e-01
2.844056854388519184e-01 -2.869654010443746239e-01 9.136123262788062860e-01
4.171456064195904201e-01 1.041018417812169944e-01 9.015669767912048993e-01
-1.209292586927405988e-01 -9.676526784267692749e-01 -2.174366063328126986e-01
-1.217311290721524997e-01 1.782816373154454959e-01 -5.095165559463009641e-01
1.512828262035330884e-01 5.680898660697905056e-01 -8.071729993662191127e-01
9.401071270650711575e-01 -3.352994871005265942e-01 -5.207435038922546972e-02
9.914998960045987575e-01 6.233917097342604047e-02 1.121575509079110050e-01
-3.675732499371642814e-01 5.130531997715186421e-01 7.730051695098165698e-01
-4.563333898034528657e-02 4.585982626913480131e-01 8.859658298890602524e-01
-4.264923057636377801e-01 1.411799349686093108e-01 -8.924947160217868714e-01
-6.293053481942223470e-01 -1.279885717345727869e-01 -7.650555968211923963e-01
9.002734023866536539e-01 3.200879369644472061e-01 2.915468732223642778e-01
-3.347805587746917055e-01 -2.198092999274260939e-01 -9.150705402285659318e-01
6.635950443728277914e-01 5.858523235018907593e-01 4.609259598457314255e-01
8.020940234088373977e-01 5.937340660263767944e-01 -4.172926668935045269e-02
7.400521767738841294e-01 1.730881839308588133e-01 6.471683718190434087e-01
9.356890195627680651e-01 3.496081519622388778e-01 1.191035113985488073e-02
-3.852035212669043251e-01 -9.221087443408482187e-01 1.190233221009562997e-02
5.142462007708167304e-01 8.335880160346087475e-01 1.932347593007996134e-01
5.063669954322113087e-01 8.295553306644243285e-01 -2.285231931721513066e-01
-6.043605582557385336e-01 5.899363677999425182e-01 5.334399251070393033e-01
-9.072035476086245387e-01 3.173087735087691263e-01 -2.712815735490566871e-01
-3.238692422157701811e-01 -3.243215554044476812e-01 8.870488252562531706e-01
2.801165284758275198e-01 9.590608454087412582e-01 -5.359036515015214684e-03
-7.513957833529281150e-01 4.290660991710638084e-01 -4.999455869259354923e-01
3.106841462912913188e-01 7.422107862723599236e-01 -5.918925204677725205e-01
2.519203235908015204e-01 -9.666616910499382653e-01 -2.903205148629875096e-02
1.472043308085136115e-01 -8.701760762703549812e-01 4.678964358844087124e-01
4.056340506915084854e-01 5.185879755518245648e-01 7.512159226810131152e-01
2.476123145846745865e-01 2.868462431987511829e-01 -9.241995542811591857e-01
4.574994587349098252e-01 4.806230413957511272e-01 -7.454359771203200591e-01
0.000000000000000000e+00 0.000000000000000000e+00 1.000000000000000000e+00
1.598464155671429909e-01 2.501688090962547739e-01 9.538153827787481109e-01
2.152038439765243116e-01 -8.642814885266276725e-01 -4.522856896221240097e-01
-4.872980154995130153e-01 4.914035725478139160e-01 -7.188913127044123108e-01
-1.698475455133448969e-02 -6.567123969777677317e-01 7.522453946675380365e-01
-3.730855179226880147e-01 -7.155716036307333550e-01 5.877006065858791928e-01
-4.836736220370060901e-02 4.292826664773870954e-03 -9.986148863690753608e-01
-2.937766323501891930e-01 9.152645916294928075e-01 2.718338062879787076e-01
-6.040297675997070570e-01 -1.496202715746235978e-01 7.817133888724394630e-01
-9.211342841210532484e-01 3.272817255562168737e-01 2.039282261361939075e-01
3.591389273633009971e-01 -5.693256501409951209e-01 -7.373461852447671383e-01
-5.960890225086509231e-01 7.858457401481961924e-01 1.576383030813005015e-01
-3.275091125026556860e-01 8.116900630834679164e-01 -4.830539951315115932e-01
3.077958895026102967e-02 8.438556571242836757e-01 -5.336395216176245127e-01
-1.372816900309818955e-01 6.757122812877855988e-01 -7.221994975810104300e-01
-9.559005306677322844e-01 4.250424734363390800e-02 2.869749299372161278e-01
3.323375650820747929e-01 -1.048613068198021997e-01 -9.361281132420217199e-01
6.446583712203043381e-01 -2.417468892076141962e-01 -7.252406676228423388e-01
-7.998061948925532239e-01 2.948938714303135922e-01 5.194973518586580852e-01
-1.266414327582937871e-01 3.613040689630578894e-01 -9.230269295161945831e-01
-5.381002587738934473e-01 -4.535702107741628186e-01 -7.071020901272502268e-01
-7.678615609845091949e-01 -4.336471669480020941e-01 -4.675195176577304212e-01
-1.553150155575364934e-02 -3.884486965044868789e-01 9.205975363948080137e-01
6.610423861779619274e-04 -4.003698164386635949e-01 -9.160170369028790560e-01
4.399159530955683017e-01 7.668232039872047157e-01 4.630584370424986052e-01
-3.487373191148021023e-01 2.712979254494303147e-02 9.356328265457627413e-01
-7.673814566168372098e-01 5.729936554913774849e-01 2.819626999410699830e-01
